1.000e+00 1.293e+00 -1.138e+00 -1.000e+00
1.000e+00 -1.504e+00 1.451e+00 1.000e+00
1.000e+00 1.019e+00 -1.159e+00 -1.000e+00
1.000e+00 1.512e+00 9.184e-01 1.000e+00
1.000e+00 -6.299e-01 -1.416e+00 -1.000e+00
1.000e+00 1.269e+00 7.325e-01 1.000e+00
1.000e+00 1.685e+00 -3.298e-01 -1.000e+00
1.000e+00 -6.717e-01 4.347e-03 1.000e+00
1.000e+00 -3.828e-01 -1.034e+00 -1.000e+00
1.000e+00 -2.002e-01 -8.399e-01 1.000e+00
1.000e+00 3.313e-01 -1.847e-01 -1.000e+00
1.000e+00 -6.814e-01 6.702e-01 1.000e+00
1.000e+00 5.555e-01 -1.352e-01 -1.000e+00
1.000e+00 -1.494e+00 1.508e+00 1.000e+00
1.000e+00 -6.378e-01 -1.577e+00 -1.000e+00
1.000e+00 -1.110e+00 3.062e-01 1.000e+00
1.000e+00 -8.385e-01 -1.701e+00 -1.000e+00
1.000e+00 -9.263e-01 6.582e-01 1.000e+00
1.000e+00 1.086e+00 -9.710e-01 -1.000e+00
1.000e+00 -1.446e-01 1.845e+00 1.000e+00
1.000e+00 4.243e-01 -1.619e+00 -1.000e+00
1.000e+00 1.293e+00 1.124e+00 1.000e+00
1.000e+00 1.711e-01 -4.157e-01 -1.000e+00
1.000e+00 -9.964e-02 6.690e-01 1.000e+00
1.000e+00 -3.378e-01 -1.387e+00 -1.000e+00
1.000e+00 -8.724e-02 1.400e+00 1.000e+00
1.000e+00 4.087e-01 -2.193e+00 -1.000e+00
1.000e+00 7.316e-02 1.795e+00 1.000e+00
1.000e+00 1.403e-01 -1.400e+00 -1.000e+00
1.000e+00 -2.326e-01 1.327e+00 1.000e+00
1.000e+00 1.456e+00 -9.698e-02 -1.000e+00
1.000e+00 1.498e-01 1.455e+00 1.000e+00
1.000e+00 4.757e-01 -2.096e+00 -1.000e+00
1.000e+00 -1.005e+00 8.047e-01 1.000e+00
1.000e+00 1.575e+00 -1.224e-01 -1.000e+00
1.000e+00 -8.802e-01 5.075e-02 1.000e+00
1.000e+00 1.351e+00 -1.303e+00 -1.000e+00
1.000e+00 -3.063e-01 1.465e+00 1.000e+00
1.000e+00 5.855e-01 -1.648e+00 -1.000e+00
1.000e+00 2.222e-01 -5.399e-01 1.000e+00
1.000e+00 1.080e+00 -1.121e+00 -1.000e+00
1.000e+00 9.446e-01 -3.466e-01 1.000e+00
1.000e+00 1.284e+00 1.788e+00 -1.000e+00
1.000e+00 8.636e-01 -1.392e-01 1.000e+00
1.000e+00 9.446e-02 -1.847e+00 -1.000e+00
1.000e+00 -7.493e-01 5.243e-01 1.000e+00
1.000e+00 9.796e-01 1.639e+00 -1.000e+00
1.000e+00 -7.584e-01 5.984e-01 1.000e+00
1.000e+00 1.902e+00 -2.510e-01 -1.000e+00
1.000e+00 -6.777e-01 5.662e-01 1.000e+00
1.000e+00 8.766e-01 -1.048e+00 -1.000e+00
1.000e+00 -9.666e-01 6.721e-01 1.000e+00
1.000e+00 -2.819e-01 -1.610e+00 -1.000e+00
1.000e+00 -1.454e-02 1.457e+00 1.000e+00
1.000e+00 1.007e+00 -1.191e+00 -1.000e+00
1.000e+00 1.482e+00 1.706e+00 1.000e+00
1.000e+00 1.399e+00 1.720e+00 -1.000e+00
1.000e+00 -1.579e+00 1.253e+00 1.000e+00
1.000e+00 4.541e-01 -2.004e+00 -1.000e+00
1.000e+00 -2.131e+00 1.358e+00 1.000e+00
1.000e+00 1.529e+00 -2.557e-01 -1.000e+00
1.000e+00 -1.316e+00 9.794e-01 1.000e+00
1.000e+00 1.051e-01 -1.583e+00 -1.000e+00
1.000e+00 9.716e-01 -1.790e-01 1.000e+00
1.000e+00 4.665e-01 -2.005e+00 -1.000e+00
1.000e+00 -1.241e+00 2.075e+00 1.000e+00
1.000e+00 1.462e+00 2.069e+00 -1.000e+00
1.000e+00 2.350e-01 1.530e+00 1.000e+00
1.000e+00 3.346e-01 -2.146e+00 -1.000e+00
1.000e+00 9.836e-01 -1.670e-01 1.000e+00
1.000e+00 -4.293e-01 -1.505e+00 -1.000e+00
1.000e+00 -1.419e+00 2.108e+00 1.000e+00
1.000e+00 -2.906e-01 -1.600e+00 -1.000e+00
1.000e+00 -1.608e+00 1.551e+00 1.000e+00
1.000e+00 1.255e+00 1.628e+00 -1.000e+00
1.000e+00 -1.320e+00 1.898e+00 1.000e+00
1.000e+00 3.058e-01 -1.684e+00 -1.000e+00
1.000e+00 -1.362e+00 2.114e+00 1.000e+00
1.000e+00 1.122e+00 2.023e+00 -1.000e+00
1.000e+00 -2.759e-01 -2.029e-01 1.000e+00
1.000e+00 1.353e+00 -1.321e+00 -1.000e+00
1.000e+00 -1.751e+00 1.972e+00 1.000e+00
1.000e+00 -8.485e-01 -1.198e+00 -1.000e+00
1.000e+00 1.157e+00 -2.055e-02 1.000e+00
1.000e+00 1.982e+00 1.134e-01 -1.000e+00
1.000e+00 1.210e+00 -3.715e-01 1.000e+00
1.000e+00 -6.934e-02 -1.607e+00 -1.000e+00
1.000e+00 -3.682e-01 7.833e-01 1.000e+00
1.000e+00 6.528e-01 -9.531e-01 -1.000e+00
1.000e+00 1.091e+00 5.730e-01 1.000e+00
1.000e+00 4.686e-02 -1.759e+00 -1.000e+00
1.000e+00 -1.729e-01 -8.477e-01 1.000e+00
1.000e+00 -2.016e+00 2.915e-01 -1.000e+00
1.000e+00 8.826e-01 -2.705e-01 1.000e+00
1.000e+00 5.357e-01 -4.386e-01 -1.000e+00
1.000e+00 -1.579e+00 1.239e+00 1.000e+00
1.000e+00 -1.810e+00 6.985e-02 -1.000e+00
1.000e+00 9.636e-01 -3.839e-01 1.000e+00
1.000e+00 4.320e-01 -1.571e+00 -1.000e+00
1.000e+00 -9.064e-01 8.512e-01 1.000e+00
1.000e+00 5.247e-01 -2.164e+00 -1.000e+00
1.000e+00 -4.216e-01 8.019e-01 1.000e+00
1.000e+00 -7.693e-01 -1.740e+00 -1.000e+00
1.000e+00 9.036e-02 -6.813e-01 1.000e+00
1.000e+00 4.625e-01 -2.174e+00 -1.000e+00
1.000e+00 -1.469e+00 2.048e+00 1.000e+00
1.000e+00 4.008e-01 -1.908e+00 -1.000e+00
1.000e+00 -3.864e-01 8.578e-01 1.000e+00
1.000e+00 -1.851e-01 -1.396e+00 -1.000e+00
1.000e+00 -1.482e+00 2.193e+00 1.000e+00
1.000e+00 8.666e-01 -9.529e-01 -1.000e+00
1.000e+00 -1.104e-02 -4.555e-01 1.000e+00
1.000e+00 -5.903e-01 -1.117e+00 -1.000e+00
1.000e+00 -7.834e-01 6.187e-01 1.000e+00
1.000e+00 -2.095e+00 -2.825e-02 -1.000e+00
1.000e+00 -5.825e-01 1.947e-01 1.000e+00
1.000e+00 -2.317e-01 -1.317e+00 -1.000e+00
1.000e+00 -8.674e-01 4.143e-01 1.000e+00
1.000e+00 6.411e-01 -4.494e-01 -1.000e+00
1.000e+00 -1.721e+00 1.529e+00 1.000e+00
1.000e+00 -1.545e-01 -1.489e+00 -1.000e+00
1.000e+00 1.038e+00 -4.141e-01 1.000e+00
1.000e+00 1.453e+00 1.521e+00 -1.000e+00
1.000e+00 -2.950e-01 1.353e+00 1.000e+00
1.000e+00 -1.372e-01 -1.368e+00 -1.000e+00
1.000e+00 1.553e+00 2.050e+00 1.000e+00
1.000e+00 -6.264e-01 -1.302e+00 -1.000e+00
1.000e+00 1.028e+00 7.474e-01 1.000e+00
1.000e+00 1.518e-01 -1.835e+00 -1.000e+00
1.000e+00 -5.672e-01 1.067e+00 1.000e+00
1.000e+00 9.916e-01 2.026e+00 -1.000e+00
1.000e+00 1.272e+00 1.768e+00 1.000e+00
1.000e+00 9.676e-01 -8.546e-01 -1.000e+00
1.000e+00 -4.025e-01 8.279e-01 1.000e+00
1.000e+00 -5.376e-01 -1.561e+00 -1.000e+00
1.000e+00 3.786e-02 1.562e+00 1.000e+00
1.000e+00 1.609e+00 -3.423e-01 -1.000e+00
1.000e+00 -2.193e-01 1.005e+00 1.000e+00
1.000e+00 -2.600e-01 -1.196e+00 -1.000e+00
1.000e+00 -7.083e-01 9.224e-01 1.000e+00
1.000e+00 1.089e+00 -8.074e-01 -1.000e+00
1.000e+00 -6.611e-01 7.060e-01 1.000e+00
1.000e+00 9.676e-01 1.697e+00 -1.000e+00
1.000e+00 -9.216e-01 9.674e-01 1.000e+00
1.000e+00 -2.040e+00 1.204e-01 -1.000e+00
1.000e+00 -1.765e+00 1.575e+00 1.000e+00
1.000e+00 -1.980e+00 1.577e-01 -1.000e+00
1.000e+00 -1.916e+00 1.229e+00 1.000e+00
1.000e+00 -1.541e+00 5.185e-02 -1.000e+00
1.000e+00 -3.644e-02 -8.846e-01 1.000e+00
1.000e+00 8.346e-01 -8.818e-01 -1.000e+00
1.000e+00 1.116e+00 -3.720e-01 1.000e+00
1.000e+00 1.156e+00 1.803e+00 -1.000e+00
1.000e+00 -9.508e-01 2.805e-02 1.000e+00
1.000e+00 -4.768e-01 -1.271e+00 -1.000e+00
1.000e+00 2.916e-02 -6.701e-01 1.000e+00
1.000e+00 2.097e-01 -1.943e+00 -1.000e+00
1.000e+00 -1.229e+00 9.064e-01 1.000e+00
1.000e+00 3.588e-01 -1.675e+00 -1.000e+00
1.000e+00 7.272e-01 -2.416e-01 1.000e+00
1.000e+00 -8.024e-02 -1.638e+00 -1.000e+00
1.000e+00 1.578e+00 4.666e-01 1.000e+00
1.000e+00 1.845e+00 -3.146e-01 -1.000e+00
1.000e+00 1.498e+00 9.084e-01 1.000e+00
1.000e+00 1.495e+00 -5.539e-01 -1.000e+00
1.000e+00 1.728e-01 -9.809e-01 1.000e+00
1.000e+00 7.080e-01 -6.432e-01 -1.000e+00
1.000e+00 -7.022e-01 5.463e-01 1.000e+00
1.000e+00 1.139e+00 -9.420e-01 -1.000e+00
1.000e+00 -5.848e-01 -1.699e-01 1.000e+00
1.000e+00 4.237e-01 -2.412e-01 -1.000e+00
1.000e+00 -6.197e-01 -9.519e-02 1.000e+00
1.000e+00 2.437e-01 -1.920e+00 -1.000e+00
1.000e+00 -1.373e+00 1.736e+00 1.000e+00
1.000e+00 6.102e-01 -1.231e-01 -1.000e+00
1.000e+00 -1.142e+00 6.025e-01 1.000e+00
1.000e+00 8.856e-01 -9.117e-01 -1.000e+00
1.000e+00 1.149e+00 4.926e-01 1.000e+00
1.000e+00 1.579e-01 -1.791e+00 -1.000e+00
1.000e+00 -1.812e+00 1.490e+00 1.000e+00
1.000e+00 1.345e+00 -2.885e-02 -1.000e+00
1.000e+00 -4.415e-01 -4.779e-01 1.000e+00
1.000e+00 -5.464e-01 -1.669e+00 -1.000e+00
1.000e+00 -1.404e+00 2.326e+00 1.000e+00
1.000e+00 5.437e-01 -1.766e+00 -1.000e+00
1.000e+00 -1.242e+00 1.516e+00 1.000e+00
1.000e+00 1.096e+00 1.323e+00 -1.000e+00
1.000e+00 -5.250e-01 7.145e-01 1.000e+00
1.000e+00 -1.683e+00 -9.882e-02 -1.000e+00
1.000e+00 6.166e-02 -6.954e-01 1.000e+00
1.000e+00 2.747e-01 -1.653e-01 -1.000e+00
1.000e+00 9.006e-02 1.622e+00 1.000e+00
1.000e+00 -1.706e+00 6.635e-02 -1.000e+00
1.000e+00 -1.451e+00 1.165e+00 1.000e+00
1.000e+00 1.697e+00 -9.217e-02 -1.000e+00
1.000e+00 -1.653e+00 2.070e+00 1.000e+00
1.000e+00 3.065e-01 -2.167e+00 -1.000e+00
1.000e+00 -8.094e-01 -7.583e-02 1.000e+00
1.000e+00 -1.947e+00 1.543e-01 -1.000e+00
1.000e+00 1.475e+00 6.568e-01 1.000e+00
